[
[358.0,269.0,185.0,154.0,157.0,103.0,119.0,89.0,87.0,67.0],
[269.0,252.0,186.0,138.0,131.0,111.0,88.0,78.0,69.0,72.0],
[185.0,186.0,168.0,89.0,95.0,77.0,59.0,56.0,36.0,64.0],
[154.0,138.0,89.0,78.0,71.0,52.0,75.0,39.0,53.0,31.0],
[157.0,131.0,95.0,71.0,60.0,49.0,53.0,48.0,51.0,41.0],
[103.0,111.0,77.0,52.0,49.0,48.0,41.0,36.0,47.0,48.0],
[119.0,88.0,59.0,75.0,53.0,41.0,52.0,25.0,32.0,20.0],
[89.0,78.0,56.0,39.0,48.0,36.0,25.0,12.0,27.0,28.0],
[87.0,69.0,36.0,53.0,51.0,47.0,32.0,27.0,34.0,32.0],
[67.0,72.0,64.0,31.0,41.0,48.0,20.0,28.0,32.0,92.0]
]